9
0,0
1,0
1,1
0,1
3/8,0
3/8,1
3/8,1/2
0,1/2
1,1/2
4
4 0 4 6 7 
4 4 1 8 6 
4 6 5 3 7 
4 8 2 5 6 
1/4,123456789012345678901234567890123456789012345678901234567890
0,123456789012345678901234567890123456789012345678901234567890
0,123456789012345678901234567890123456789012345678901234567890
1/4,123456789012345678901234567890123456789012345678901234567890
5/8,123456789012345678901234567890123456789012345678901234567890
5/8,123456789012345678901234567890123456789012345678901234567890
5/8,246913578024691357802469135780246913578024691357802469135781/2
1/4,246913578024691357802469135780246913578024691357802469135781/2
0,246913578024691357802469135780246913578024691357802469135781/2
