8
0,0
1,0
1,1
0,1
1/2,1
0,1/2
1/2,0
1,1/2
4
4 0 2 4 5 
4 0 6 7 2 
3 4 3 5 
3 6 1 7 
-8862938119652501095929,-79766443076872509863361
-17725876239305002191857/2,-159532886153745019726721/2
-8862938119652501095928,-79766443076872509863360
-17725876239305002191857/2,-159532886153745019726721/2
-17725876239305002191857/2,-79766443076872509863360
-8862938119652501095929,-159532886153745019726721/2
-8862938119652501095929,-159532886153745019726721/2
-17725876239305002191857/2,-79766443076872509863360
